ugrd10m, [1][3][11]
[0][0], 17.160892, 17.220894, 17.270893, 17.200893, 17.110893, 16.960894, 16.680893, 16.750893, 16.780893, 16.550894, 17.060894
[0][1], 16.420893, 16.330893, 16.400892, 16.300894, 16.250893, 16.260893, 16.340893, 16.580893, 16.370893, 15.910893, 16.030893
[0][2], 15.410893, 15.410893, 15.560893, 15.730893, 15.720893, 15.780893, 15.740893, 15.770893, 15.480893, 15.310893, 16.270893


time, [1]
739637.625
lat, [3]
-52.0, -51.5, -51.0
lon, [11]
0.0, 0.5, 1.0, 1.5, 2.0, 2.5, 3.0, 3.5, 4.0, 4.5, 5.0
vgrd10m, [1][3][11]
[0][0], 1.1386768, 0.9386767, 0.95867676, 0.9886767, 1.2686768, 1.6586767, 1.9586767, 2.2786767, 2.0286767, 2.3486767, 3.6286767
[0][1], 1.5586767, 1.4986768, 1.4786767, 1.4786767, 1.6386768, 1.7786767, 2.0886767, 2.3086767, 2.4486766, 2.5886767, 3.3086767
[0][2], 1.5186768, 1.5486767, 1.6186767, 1.7286767, 2.0286767, 2.5486767, 3.1286767, 3.1486766, 3.0586767, 3.2786767, 4.458677


time, [1]
739637.625
lat, [3]
-52.0, -51.5, -51.0
lon, [11]
0.0, 0.5, 1.0, 1.5, 2.0, 2.5, 3.0, 3.5, 4.0, 4.5, 5.0
lat, [3]
-52.0, -51.5, -51.0
lon, [11]
0.0, 0.5, 1.0, 1.5, 2.0, 2.5, 3.0, 3.5, 4.0, 4.5, 5.0
